> Mean_train_error
[[1]]
[1] 0.04347977806

[[2]]
[1] 0.04344488258

[[3]]
[1] 0.04295634574

[[4]]
[1] 0.04238057019

[[5]]
[1] 0.04173500366

[[6]]
[1] 0.04149073525

[[7]]
[1] 0.04236312245

[[8]]
[1] 0.04049621384

[[9]]
[1] 0.04128136232

[[10]]
[1] 0.04061834805

[[11]]
[1] 0.04042642286

[[12]]
[1] 0.03979830408

[[13]]
[1] 0.0396063789

[[14]]
[1] 0.03969361762

[[15]]
[1] 0.04007746798

[[16]]
[1] 0.03955403566

[[17]]
[1] 0.0372683812

[[18]]
[1] 0.0379837387

[[19]]
[1] 0.03758244059

[[20]]
[1] 0.03782670901

[[21]]
[1] 0.03627385979

[[22]]
[1] 0.03700666504

[[23]]
[1] 0.03611683009

[[24]]
[1] 0.03561084552

[[25]]
[1] 0.03241790836

[[26]]
[1] 0.03353456398

[[27]]
[1] 0.03409289179

[[28]]
[1] 0.03559339777