> table_train
[[1]]
   
        0     1
  0 27162  1109
  1   137   249

[[2]]
   
        0     1
  0 27155  1101
  1   144   257

[[3]]
   
        0     1
  0 27169  1101
  1   130   257

[[4]]
   
        0     1
  0 27155  1071
  1   144   287

[[5]]
   
        0     1
  0 27178  1075
  1   121   283

[[6]]
   
        0     1
  0 27177  1067
  1   122   291

[[7]]
   
        0     1
  0 27164  1078
  1   135   280

[[8]]
   
        0     1
  0 27192  1053
  1   107   305

[[9]]
   
        0     1
  0 27175  1058
  1   124   300

[[10]]
   
        0     1
  0 27176  1042
  1   123   316

[[11]]
   
        0     1
  0 27168  1027
  1   131   331

[[12]]
   
        0     1
  0 27173  1017
  1   126   341

[[13]]
   
        0     1
  0 27188  1024
  1   111   334

[[14]]
   
        0     1
  0 27184  1023
  1   115   335

[[15]]
   
        0     1
  0 27188  1037
  1   111   321

[[16]]
   
        0     1
  0 27173  1007
  1   126   351

[[17]]
   
        0     1
  0 27182   951
  1   117   407

[[18]]
   
        0     1
  0 27196   985
  1   103   373

[[19]]
   
        0     1
  0 27187   964
  1   112   394

[[20]]
   
        0     1
  0 27209   994
  1    90   364

[[21]]
   
        0     1
  0 27184   924
  1   115   434

[[22]]
   
        0     1
  0 27183   945
  1   116   413

[[23]]
   
        0     1
  0 27193   930
  1   106   428

[[24]]
   
        0     1
  0 27174   895
  1   125   463

[[25]]
   
        0     1
  0 27200   830
  1    99   528

[[26]]
   
        0     1
  0 27188   851
  1   111   507

[[27]]
   
        0     1
  0 27181   860
  1   118   498

[[28]]
   
        0     1
  0 27188   909
  1   111   449
